0  93  73  88  55  69  
93  0  76  72  61  91  
73  76  0  94  82  85  
88  72  94  0  76  99  
55  61  82  76  0  80  
69  91  85  99  80  0  

10 10 

54 54 

0  7.72  7.39  6.66  6.14  2.71