0  54  59  68  72  95  
54  0  97  87  50  65  
59  97  0  64  79  66  
68  87  64  0  99  68  
72  50  79  99  0  84  
95  65  66  68  84  0  

10 10 

54 54 

0  6.48  6.36  5.72  4.40  3.39