 0  78  65  92  57  89
78   0  83  71  95  68
65  83   0  88  74  91
92  71  88   0  63  59
57  95  74  63   0  87
89  68  91  59  87   0

10  10

54  54

0  7.65  6.89  5.43  4.78  3.21