0  73  62  70  94  73  
73  0  67  73  58  88  
62  67  0  86  63  92  
70  73  86  0  56  73  
94  58  63  56  0  51  
73  88  92  73  51  0  

10 10 

54 54 

0  7.31  4.79  4.20  3.34  2.91