   0  74  66  86  92  82  73  88  68  79  83  45  39  43  25  37 104 106 107 106  98
  74   0  10  25  19  11  43  71  56  57  78  44  53  31  58  41  49  43  37  57  31
  66  10   0  24  26  16  48  75  58  62  81  42  50  23  53  36  58  53  47  66  41
  86  25  24   0  18  15  68  96  80  82 103  65  74  45  76  60  69  60  48  79  49
  92  19  26  18   0  10  58  84  72  71  93  63  72  49  77  60  53  43  30  63  32
  82  11  16  15  10   0  54  81  67  68  89  55  64  39  68  51  55  47  37  64  35
  73  43  48  68  58  54   0  28  15  14  35  28  35  45  49  38  34  40  50  33  38
  88  71  75  96  84  81  28   0  21  14  13  47  50  70  63  59  45  57  71  38  60
  68  56  58  80  72  67  15  21   0  11  23  26  29  50  43  38  46  55  65  44  53
  79  57  62  82  71  68  14  14  11   0  22  35  40  57  54  47  38  48  60  34  49
  83  78  81 103  93  89  35  13  23  22   0  46  46  72  59  59  58  69  82  51  71
  45  44  42  65  63  55  28  47  26  35  46   0  10  26  21  12  59  63  68  61  56
  39  53  50  74  72  64  35  50  29  40  46  10   0  31  14  16  68  73  78  69  66
  43  31  23  45  49  39  45  70  50  57  72  26  31   0  31  16  68  67  65  73  57
  25  58  53  76  77  68  49  63  43  54  59  21  14  31   0  17  81  84  87  82  77
  37  41  36  60  60  51  38  59  38  47  59  12  16  16  17   0  67  69  71  70  60
 104  49  58  69  53  55  34  45  46  38  58  59  68  68  81  67   0  12  28  11  21
 106  43  53  60  43  47  40  57  55  48  69  63  73  67  84  69  12   0  16  23  12
 107  37  47  48  30  37  50  71  65  60  82  68  78  65  87  71  28  16   0  39  12
 106  57  66  79  63  64  33  38  44  34  51  61  69  73  82  70  11  23  39   0  31
  98  31  41  49  32  35  38  60  53  49  71  56  66  57  77  60  21  12  12  31   0

10 10 10 10 

54 54 54 54 

0  7.98  7.61  7.39  7.10  6.82  6.43  6.28  6.04  5.80  5.75  5.66  5.32  4.85  4.65  4.34  3.80  3.23  3.06  2.39  2.35