   0  82  84  69  93  70  92  77  76  90  63  34  49  38  17  25 102 110  88 108  97
  82   0  16  13  13  26  78  74  85  92  74  66  49  46  70  57  59  51  49  73  44
  84  16   0  20  14  17  64  61  73  78  64  63  43  46  70  59  43  35  34  57  28
  69  13  20   0  25  20  73  67  77  85  65  54  38  33  57  44  59  55  47  72  46
  93  13  14  25   0  30  77  75  87  92  78  75  56  57  81  69  53  41  46  67  38
  70  26  17  20  30   0  53  48  59  66  49  46  26  32  55  45  41  42  28  53  30
  92  78  64  73  77  53   0  15  24  18  30  59  48  66  75  75  31  51  31  24  43
  77  74  61  67  75  48  15   0  13  18  16  44  36  54  61  62  39  57  33  37  46
  76  85  73  77  87  59  24  13   0  14  14  44  43  59  61  64  52  70  47  48  60
  90  92  78  85  92  66  18  18  14   0  27  57  54  71  74  77  50  69  48  42  60
  63  74  64  65  78  49  30  16  14  27   0  30  29  45  47  50  52  68  43  52  56
  34  66  63  54  75  46  59  44  44  57  30   0  21  23  17  22  70  81  58  75  68
  49  49  43  38  56  26  48  36  43  54  29  21   0  18  33  28  52  61  39  60  48
  38  46  46  33  57  32  66  54  59  71  45  23  18   0  24  13  67  73  54  76  60
  17  70  70  57  81  55  75  61  61  74  47  17  33  24   0  14  85  94  72  91  80
  25  57  59  44  69  45  75  62  64  77  50  22  28  13  14   0  79  86  66  87  73
 102  59  43  59  53  41  31  39  52  50  52  70  52  67  85  79   0  20  14  14  15
 110  51  35  55  41  42  51  57  70  69  68  81  61  73  94  86  20   0  25  32  13
  88  49  34  47  46  28  31  33  47  48  43  58  39  54  72  66  14  25   0  25  13
 108  73  57  72  67  53  24  37  48  42  52  75  60  76  91  87  14  32  25   0  30
  97  44  28  46  38  30  43  46  60  60  56  68  48  60  80  73  15  13  13  30   0

10 10 10 10 

54 54 54 54 

0  7.76  7.70  7.53  7.42  7.03  6.61  6.44  5.48  5.33  4.43  4.17  4.09  3.40  3.38  3.19  2.81  2.76  2.71  2.08  2.05