   0  72  81  82  90  95  91  77  64  96  76  28  46  29  45  41  93 101 109 109 106
  72   0  25  13  26  26  84  60  75  81  79  57  38  46  30  51  49  64  60  76  49
  81  25   0  17  11  22  64  40  62  59  62  58  36  51  36  47  24  40  35  51  27
  82  13  17   0  14  13  80  57  76  76  77  64  43  55  38  56  40  56  49  67  37
  90  26  11  14   0  12  72  50  73  67  72  69  47  61  45  58  28  44  35  55  23
  95  26  22  13  12   0  84  62  84  79  84  76  55  67  51  67  40  55  44  66  30
  91  84  64  80  72  84   0  24  28  10  16  64  58  70  68  53  47  37  55  34  65
  77  60  40  57  50  62  24   0  27  23  22  49  36  51  46  36  29  27  42  33  48
  64  75  62  76  73  84  28  27   0  36  13  39  40  48  51  31  56  53  69  56  75
  96  81  59  76  67  79  10  23  36   0  24  69  59  73  69  57  40  28  46  24  57
  76  79  62  77  72  84  16  22  13  24   0  50  47  57  58  40  51  45  62  46  70
  28  57  58  64  69  76  64  49  39  69  50   0  22  12  26  13  67  74  83  81  82
  46  38  36  43  47  55  58  36  40  59  47  22   0  17  11  13  47  56  63  65  61
  29  46  51  55  61  67  70  51  48  73  57  12  17   0  16  17  64  73  80  82  77
  45  30  36  38  45  51  68  46  51  69  58  26  11  16   0  22  52  63  67  73  62
  41  51  47  56  58  67  53  36  31  57  40  13  13  17  22   0  54  60  70  68  69
  93  49  24  40  28  40  47  29  56  40  51  67  47  64  52  54   0  16  16  27  19
 101  64  40  56  44  55  37  27  53  28  45  74  56  73  63  60  16   0  18  11  30
 109  60  35  49  35  44  55  42  69  46  62  83  63  80  67  70  16  18   0  25  15
 109  76  51  67  55  66  34  33  56  24  46  81  65  82  73  68  27  11  25   0  39
 106  49  27  37  23  30  65  48  75  57  70  82  61  77  62  69  19  30  15  39   0

10 10 10 10 

54 54 54 54 

0  7.53  7.40  7.35  7.18  7.13  6.93  6.78  5.95  5.74  5.35  4.31  4.22  3.98  3.66  3.59  3.36  3.04  2.91  2.82  2.12