   0  79  83  92  67  72  71  83  82  72  77  37  27  44  39  51 108 110 108 109  93
  79   0  25  20  17  14  73  82  76  78  72  72  56  54  52  49  80  76  81  57  55
  83  25   0  14  19  15  54  61  55  59  52  65  57  46  48  39  55  50  56  34  30
  92  20  14   0  24  19  68  75  69  73  66  77  66  58  59  51  65  60  67  39  42
  67  17  19  24   0   5  56  66  60  61  56  56  42  37  36  32  68  65  69  51  44
  72  14  15  19   5   0  59  67  62  64  58  61  48  41  41  36  67  64  69  49  43
  71  73  54  68  56  59   0  12  11   5   7  35  50  32  38  30  41  45  40  56  37
  83  82  61  75  66  67  12   0   6  10   9  46  63  44  50  41  34  40  33  56  38
  82  76  55  69  60  62  11   6   0  12   5  45  60  41  48  38  31  36  30  50  32
  72  78  59  73  61  64   5  10  12   0  10  35  53  35  41  34  43  48  41  60  41
  77  72  52  66  56  58   7   9   5  10   0  41  56  36  43  33  34  38  33  50  31
  37  72  65  77  56  61  35  46  45  35  41   0  24  19  20  26  74  77  74  82  63
  27  56  57  66  42  48  50  63  60  53  56  24   0  19  13  25  84  85  84  82  67
  44  54  46  58  37  41  32  44  41  35  36  19  19   0   6   8  65  66  65  66  49
  39  52  48  59  36  41  38  50  48  41  43  20  13   6   0  12  71  72  71  70  54
  51  49  39  51  32  36  30  41  38  34  33  26  25   8  12   0  59  60  59  59  42
 108  80  55  65  68  67  41  34  31  43  34  74  84  65  71  59   0   8   2  31  24
 110  76  50  60  65  64  45  40  36  48  38  77  85  66  72  60   8   0  10  24  21
 108  81  56  67  69  69  40  33  30  41  33  74  84  65  71  59   2  10   0  33  26
 109  57  34  39  51  49  56  56  50  60  50  82  82  66  70  59  31  24  33   0  19
  93  55  30  42  44  43  37  38  32  41  31  63  67  49  54  42  24  21  26  19   0

10 10 10 10 

54 54 54 54 

0  7.80  7.25  7.24  7.12  6.98  6.86  6.86  6.73  6.69  6.38  5.10  4.57  4.49  3.95  3.68  3.32  2.78  2.71  2.51  2.01