   0  75  77  84  64  67  69  62  85  79  77  25  47  42  45  31 109 105  95 107  98
  75   0  25  13  22  13  53  58  68  53  42  57  31  55  42  45  39  40  34  53  44
  77  25   0  17  13  17  75  78  91  77  66  66  44  70  58  53  59  62  58  77  68
  84  13  17   0  23  17  66  72  81  66  54  68  43  68  55  56  41  45  42  61  53
  64  22  13  23   0  10  66  68  83  69  59  53  32  58  46  40  61  62  56  75  65
  67  13  17  17  10   0  58  61  75  60  50  52  28  54  41  39  52  52  46  65  55
  69  53  75  66  66  58   0  10  18  11  16  44  37  28  27  45  61  52  42  45  38
  62  58  78  72  68  61  10   0  24  21  26  37  37  20  24  41  71  61  52  55  48
  85  68  91  81  83  75  18  24   0  15  26  61  55  44  45  63  66  56  48  43  40
  79  53  77  66  69  60  11  21  15   0  11  54  43  38  36  53  54  44  35  35  29
  77  42  66  54  59  50  16  26  26  11   0  52  36  38  32  49  45  36  26  31  23
  25  57  66  68  53  52  44  37  61  54  52   0  26  17  21  13  87  81  71  82  73
  47  31  44  43  32  28  37  37  55  43  36  26   0  26  14  16  63  58  48  63  53
  42  55  70  68  58  54  28  20  44  38  38  17  26   0  13  23  79  71  61  69  61
  45  42  58  55  46  41  27  24  45  36  32  21  14  13   0  18  68  61  51  62  52
  31  45  53  56  40  39  45  41  63  53  49  13  16  23  18   0  78  74  64  78  67
 109  39  59  41  61  52  61  71  66  54  45  87  63  79  68  78   0  11  19  28  26
 105  40  62  45  62  52  52  61  56  44  36  81  58  71  61  74  11   0  10  18  16
  95  34  58  42  56  46  42  52  48  35  26  71  48  61  51  64  19  10   0  19  11
 107  53  77  61  75  65  45  55  43  35  31  82  63  69  62  78  28  18  19   0  10
  98  44  68  53  65  55  38  48  40  29  23  73  53  61  52  67  26  16  11  10   0

10 10 10 10 

54 54 54 54 

0  7.79  7.55  7.45  7.44  7.39  6.11  4.95  4.85  4.08  4.01  3.65  3.65  3.48  3.38  3.28  3.07  2.81  2.64  2.07  2.00