   0  82  68  69  82  91
  82   0  30  16  99  99
  68  30   0  16  69  70
  69  16  16   0  84  85
  82  99  69  84   0  12
  91  99  70  85  12   0

10 10 

54 54 

0  6.87  4.94  4.27  3.69  3.44