   0  86  97  91  84  76
  86   0  14   6  71  70
  97  14   0  12  69  69
  91   6  12   0  75  75
  84  71  69  75   0   9
  76  70  69  75   9   0

10 10 

54 54 

0  7.37  6.13  5.71  5.71  2.04