   0  71  82  69  76  83
  71   0  11   5  60  73
  82  11   0  13  67  79
  69   5  13   0  64  77
  76  60  67  64   0  13
  83  73  79  77  13   0

10 10 

54 54 

0  7.58  5.93  4.89  4.63  2.37