   0  61  66  75  84  82
  61   0   5  25  70  78
  66   5   0  21  68  78
  75  25  21   0  51  63
  84  70  68  51   0  14
  82  78  78  63  14   0

10 10 

54 54 

0  7.20  5.57  4.69  3.40  3.22