   0  93  88  72  77  93  79  65  88  20  41  32  37 103 104  94
  93   0  23  26  17  66  76  76  87  77  53  62  74  34  23  37
  88  23   0  17  19  85  91  88 103  75  47  61  78  57  46  58
  72  26  17   0  10  75  77  73  89  58  30  44  61  53  46  51
  77  17  19  10   0  67  72  69  83  61  36  47  61  43  36  42
  93  66  85  75  67   0  20  33  25  73  76  67  56  40  52  31
  79  76  91  77  72  20   0  14  12  60  71  57  42  55  66  45
  65  76  88  73  69  33  14   0  23  47  61  46  28  62  71  50
  88  87 103  89  83  25  12  23   0  70  82  68  51  64  76  54
  20  77  75  58  61  73  60  47  70   0  30  14  19  83  85  74
  41  53  47  30  36  76  71  61  82  30   0  18  40  70  68  64
  32  62  61  44  47  67  57  46  68  14  18   0  22  71  72  62
  37  74  78  61  61  56  42  28  51  19  40  22   0  73  78  62
 103  34  57  53  43  40  55  62  64  83  70  71  73   0  13  11
 104  23  46  46  36  52  66  71  76  85  68  72  78  13   0  22
  94  37  58  51  42  31  45  50  54  74  64  62  62  11  22   0

10 10 10 10 

54 54 54 54 

0  7.91  7.90  7.61  7.58  7.29  6.67  6.49  6.37  5.45  5.37  4.69  4.26  3.18  2.23  2.20