   0  75  93  78  65  89  63  85  97  33  47  53  24  97  98  86
  75   0  29  25  12  90  81  80  86  56  57  48  56  51  63  52
  93  29   0  15  31  78  77  67  69  65  60  49  70  26  40  33
  78  25  15   0  22  68  64  57  62  50  45  34  55  26  37  27
  65  12  31  22   0  81  70  71  78  44  46  37  45  48  58  46
  89  90  78  68  81   0  27  11  16  60  46  48  70  57  44  45
  63  81  77  64  70  27   0  26  39  37  26  33  47  64  55  50
  85  80  67  57  71  11  26   0  13  54  39  39  64  47  34  34
  97  86  69  62  78  16  39  13   0  66  52  50  76  46  31  36
  33  56  65  50  44  60  37  54  66   0  15  21  10  65  65  54
  47  57  60  45  46  46  26  39  52  15   0  11  25  55  52  42
  53  48  49  34  37  48  33  39  50  21  11   0  29  45  45  33
  24  56  70  55  45  70  47  64  76  10  25  29   0  73  74  62
  97  51  26  26  48  57  64  47  46  65  55  45  73   0  15  14
  98  63  40  37  58  44  55  34  31  65  52  45  74  15   0  13
  86  52  33  27  46  45  50  34  36  54  42  33  62  14  13   0

10 10 10 10 

54 54 54 54 

0  7.92  7.82  7.43  7.35  6.36  5.74  5.28  5.16  4.91  4.00  3.60  3.38  3.16  3.08  2.60