   0  68  87  75  78  76  91  79  71  51  36  28  37  93 108 105
  68   0  21  24  10  56  82  68  70  39  36  46  45  50  73  57
  87  21   0  22  12  57  83  70  74  50  54  64  60  42  65  44
  75  24  22   0  25  35  61  48  52  30  39  48  42  26  49  35
  78  10  12  25   0  60  86  72  75  47  46  56  54  49  72  54
  76  56  57  35  60   0  26  13  19  28  47  50  40  26  32  38
  91  82  83  61  86  26   0  15  20  50  68  68  58  46  36  54
  79  68  70  48  72  13  15   0  10  35  54  55  45  37  35  48
  71  70  74  52  75  19  20  10   0  33  50  49  39  45  46  57
  51  39  50  30  47  28  50  35  33   0  19  24  14  42  57  55
  36  36  54  39  46  47  68  54  50  19   0  10  12  58  76  71
  28  46  64  48  56  50  68  55  49  24  10   0  10  65  81  78
  37  45  60  42  54  40  58  45  39  14  12  10   0  56  71  69
  93  50  42  26  49  26  46  37  45  42  58  65  56   0  23  13
 108  73  65  49  72  32  36  35  46  57  76  81  71  23   0  23
 105  57  44  35  54  38  54  48  57  55  71  78  69  13  23   0

10 10 10 10 

54 54 54 54 

0  7.82  7.30  7.19  7.00  3.94  3.74  3.70  3.26  3.20  3.18  3.13  2.95  2.34  2.07  2.03