   0  82  66  70  87  87  83  74  94  48  39  36  19 108  88  96
  82   0  17  21  12  92  77  69  81  39  44  60  67  57  44  40
  66  17   0  22  27  91  77  67  83  30  31  49  53  68  51  51
  70  21  22   0  18  72  57  48  62  23  31  42  53  47  29  30
  87  12  27  18   0  85  70  62  72  40  47  60  70  45  34  29
  87  92  91  72  85   0  15  23  19  64  71  56  71  62  54  65
  83  77  77  57  70  15   0  10  12  53  61  49  65  48  38  50
  74  69  67  48  62  23  10   0  20  42  50  39  56  47  34  46
  94  81  83  62  72  19  12  20   0  61  70  59  76  43  39  49
  48  39  30  23  40  64  53  42  61   0  10  20  30  62  41  48
  39  44  31  31  47  71  61  50  70  10   0  19  23  72  52  58
  36  60  49  42  60  56  49  39  59  20  19   0  17  73  53  62
  19  67  53  53  70  71  65  56  76  30  23  17   0  89  69  77
 108  57  68  47  45  62  48  47  43  62  72  73  89   0  21  17
  88  44  51  29  34  54  38  34  39  41  52  53  69  21   0  12
  96  40  51  30  29  65  50  46  49  48  58  62  77  17  12   0

10 10 10 10 

54 54 54 54 

0  7.97  7.10  6.40  5.47  5.42  5.16  5.09  4.48  4.37  3.97  3.70  3.50  2.79  2.72  2.28