0  87  89  85  64  84  80  63  51  93  89  66  55  58  66  81  80  95  53  72  64  
87  0  95  97  80  51  64  68  58  80  56  63  76  97  51  58  98  54  79  67  52  
89  95  0  73  59  85  56  81  51  93  74  85  75  70  98  75  60  63  85  68  91  
85  97  73  0  72  63  74  67  77  99  87  99  68  53  73  68  95  70  64  91  53  
64  80  59  72  0  81  51  50  77  74  55  85  79  63  66  93  50  75  99  90  64  
84  51  85  63  81  0  71  57  85  97  62  97  79  67  92  98  65  78  53  62  78  
80  64  56  74  51  71  0  58  50  55  79  67  63  59  59  72  76  66  97  69  69  
63  68  81  67  50  57  58  0  60  98  68  72  62  89  68  62  89  52  58  67  96  
51  58  51  77  77  85  50  60  0  90  50  62  69  75  85  64  79  57  88  83  79  
93  80  93  99  74  97  55  98  90  0  94  58  71  86  78  98  53  99  50  67  89  
89  56  74  87  55  62  79  68  50  94  0  84  85  69  73  81  79  67  76  76  51  
66  63  85  99  85  97  67  72  62  58  84  0  61  60  82  56  96  96  53  62  73  
55  76  75  68  79  79  63  62  69  71  85  61  0  51  85  52  54  90  60  80  95  
58  97  70  53  63  67  59  89  75  86  69  60  51  0  67  53  99  85  79  75  96  
66  51  98  73  66  92  59  68  85  78  73  82  85  67  0  99  73  63  51  79  72  
81  58  75  68  93  98  72  62  64  98  81  56  52  53  99  0  57  75  91  89  76  
80  98  60  95  50  65  76  89  79  53  79  96  54  99  73  57  0  67  67  55  67  
95  54  63  70  75  78  66  52  57  99  67  96  90  85  63  75  67  0  69  85  94  
53  79  85  64  99  53  97  58  88  50  76  53  60  79  51  91  67  69  0  94  85  
72  67  68  91  90  62  69  67  83  67  76  62  80  75  79  89  55  85  94  0  55  
64  52  91  53  64  78  69  96  79  89  51  73  95  96  72  76  67  94  85  55  0  

10 10 10 10 

54 54 54 54 

0  7.61  7.45  6.21  5.77  5.74  5.62  5.49  5.49  4.95  4.78  4.13  3.93  3.68  3.43  3.33  2.89  2.67  2.63  2.54  2.14