0  67  60  96  55  64  84  90  98  83  55  63  87  76  54  85  79  66  52  81  60  
67  0  95  96  81  95  54  86  81  56  71  53  63  61  87  98  54  84  91  60  61  
60  95  0  95  70  80  96  56  72  88  78  98  91  90  95  58  79  91  85  83  59  
96  96  95  0  81  67  85  98  58  55  66  64  62  53  68  75  72  82  67  74  71  
55  81  70  81  0  54  67  98  85  88  86  87  60  88  73  59  60  63  69  69  97  
64  95  80  67  54  0  90  67  51  66  51  98  57  96  65  61  88  58  94  96  56  
84  54  96  85  67  90  0  96  71  88  97  63  58  50  71  53  51  66  80  66  53  
90  86  56  98  98  67  96  0  98  87  58  86  82  58  97  65  56  67  52  70  95  
98  81  72  58  85  51  71  98  0  62  83  83  51  96  73  79  84  98  60  58  89  
83  56  88  55  88  66  88  87  62  0  97  84  82  52  93  82  96  54  87  71  91  
55  71  78  66  86  51  97  58  83  97  0  50  92  73  71  72  75  88  78  64  92  
63  53  98  64  87  98  63  86  83  84  50  0  65  55  79  66  78  95  63  68  75  
87  63  91  62  60  57  58  82  51  82  92  65  0  72  67  94  57  80  99  91  80  
76  61  90  53  88  96  50  58  96  52  73  55  72  0  77  65  82  95  50  65  92  
54  87  95  68  73  65  71  97  73  93  71  79  67  77  0  54  95  85  89  78  80  
85  98  58  75  59  61  53  65  79  82  72  66  94  65  54  0  64  68  71  55  66  
79  54  79  72  60  88  51  56  84  96  75  78  57  82  95  64  0  72  78  84  68  
66  84  91  82  63  58  66  67  98  54  88  95  80  95  85  68  72  0  67  60  52  
52  91  85  67  69  94  80  52  60  87  78  63  99  50  89  71  78  67  0  53  99  
81  60  83  74  69  96  66  70  58  71  64  68  91  65  78  55  84  60  53  0  68  
60  61  59  71  97  56  53  95  89  91  92  75  80  92  80  66  68  52  99  68  0  

10 10 10 10 

54 54 54 54 

0  7.62  7.29  7.04  6.78  6.49  6.10  5.86  5.28  5.11  4.04  4.03  3.98  3.95  3.83  3.65  3.35  3.27  2.64  2.43  2.35