0  95  77  61  62  68  55  72  71  83  91  86  81  79  78  92  78  82  71  54  67  
95  0  76  83  63  73  82  52  92  73  51  57  98  88  77  75  64  70  59  79  86  
77  76  0  89  77  77  85  73  67  80  92  56  62  90  75  98  50  62  67  70  83  
61  83  89  0  62  84  56  83  56  82  63  80  55  53  65  90  66  55  51  59  70  
62  63  77  62  0  51  98  53  85  61  88  79  57  57  88  68  92  53  52  85  83  
68  73  77  84  51  0  81  60  78  78  55  50  90  79  62  56  79  74  76  85  78  
55  82  85  56  98  81  0  71  58  82  60  60  50  97  91  97  93  93  72  95  92  
72  52  73  83  53  60  71  0  67  92  81  62  80  91  86  70  65  68  51  82  60  
71  92  67  56  85  78  58  67  0  64  99  64  98  57  95  59  76  54  87  50  91  
83  73  80  82  61  78  82  92  64  0  70  60  63  58  72  84  59  52  88  80  58  
91  51  92  63  88  55  60  81  99  70  0  94  69  68  93  55  56  90  93  77  50  
86  57  56  80  79  50  60  62  64  60  94  0  85  54  76  83  83  70  83  85  51  
81  98  62  55  57  90  50  80  98  63  69  85  0  60  87  83  64  98  59  88  73  
79  88  90  53  57  79  97  91  57  58  68  54  60  0  97  71  75  71  92  52  76  
78  77  75  65  88  62  91  86  95  72  93  76  87  97  0  75  96  88  78  70  53  
92  75  98  90  68  56  97  70  59  84  55  83  83  71  75  0  75  89  67  93  56  
78  64  50  66  92  79  93  65  76  59  56  83  64  75  96  75  0  62  72  65  58  
82  70  62  55  53  74  93  68  54  52  90  70  98  71  88  89  62  0  73  68  53  
71  59  67  51  52  76  72  51  87  88  93  83  59  92  78  67  72  73  0  69  93  
54  79  70  59  85  85  95  82  50  80  77  85  88  52  70  93  65  68  69  0  75  
67  86  83  70  83  78  92  60  91  58  50  51  73  76  53  56  58  53  93  75  0  

10 10 10 10 

54 54 54 54 

0  7.60  7.48  7.33  6.98  6.86  6.86  6.21  5.91  5.82  5.67  5.61  5.18  4.95  4.36  4.12  3.82  2.44  2.16  2.06  2.04