0  60  50  98  82  90  75  58  71  61  72  87  78  80  71  66  85  87  76  55  66  
60  0  68  81  96  64  96  59  59  73  78  78  86  60  53  96  63  50  51  86  76  
50  68  0  82  75  99  66  95  82  67  89  71  78  65  72  96  93  81  75  91  79  
98  81  82  0  52  57  50  93  92  59  85  57  56  54  87  79  60  81  50  70  78  
82  96  75  52  0  98  91  64  64  88  98  68  55  65  76  50  51  77  78  65  63  
90  64  99  57  98  0  71  84  51  87  76  84  64  58  58  93  96  52  60  69  64  
75  96  66  50  91  71  0  56  81  53  62  56  84  91  91  92  52  67  83  80  98  
58  59  95  93  64  84  56  0  75  54  85  92  97  72  92  81  98  65  86  92  72  
71  59  82  92  64  51  81  75  0  75  82  83  97  98  56  85  85  85  61  85  77  
61  73  67  59  88  87  53  54  75  0  75  67  84  91  83  70  62  91  78  62  83  
72  78  89  85  98  76  62  85  82  75  0  63  92  58  52  83  77  73  79  54  63  
87  78  71  57  68  84  56  92  83  67  63  0  88  61  77  82  67  58  83  82  85  
78  86  78  56  55  64  84  97  97  84  92  88  0  99  85  69  87  88  87  61  98  
80  60  65  54  65  58  91  72  98  91  58  61  99  0  95  52  80  73  55  50  94  
71  53  72  87  76  58  91  92  56  83  52  77  85  95  0  92  89  67  84  56  80  
66  96  96  79  50  93  92  81  85  70  83  82  69  52  92  0  68  58  99  58  57  
85  63  93  60  51  96  52  98  85  62  77  67  87  80  89  68  0  85  90  60  57  
87  50  81  81  77  52  67  65  85  91  73  58  88  73  67  58  85  0  77  82  70  
76  51  75  50  78  60  83  86  61  78  79  83  87  55  84  99  90  77  0  73  63  
55  86  91  70  65  69  80  92  85  62  54  82  61  50  56  58  60  82  73  0  94  
66  76  79  78  63  64  98  72  77  83  63  85  98  94  80  57  57  70  63  94  0  

10 10 10 10 

54 54 54 54 

0  7.92  7.39  7.35  7.24  7.02  6.77  6.69  6.68  6.50  6.28  5.84  5.18  4.89  4.87  4.59  4.54  4.33  3.71  3.56  2.41