0  81  73  69  72  51  68  52  60  89  55  80  95  78  74  76  63  62  71  86  56  
81  0  99  75  56  83  87  64  51  92  56  60  91  57  60  63  89  83  86  93  96  
73  99  0  89  78  88  86  61  57  71  89  54  75  86  55  70  57  63  78  68  65  
69  75  89  0  98  67  88  82  62  67  88  70  57  89  94  79  66  99  50  63  90  
72  56  78  98  0  68  58  84  80  92  68  71  53  78  88  57  82  56  91  58  74  
51  83  88  67  68  0  75  69  85  51  94  72  79  74  93  74  64  71  84  58  55  
68  87  86  88  58  75  0  95  96  73  84  98  73  79  53  66  88  85  84  88  99  
52  64  61  82  84  69  95  0  90  50  64  67  76  76  51  96  57  71  55  75  62  
60  51  57  62  80  85  96  90  0  57  67  60  85  78  62  94  74  85  75  83  99  
89  92  71  67  92  51  73  50  57  0  95  69  77  55  56  63  96  50  69  79  53  
55  56  89  88  68  94  84  64  67  95  0  92  52  75  75  82  53  85  53  83  94  
80  60  54  70  71  72  98  67  60  69  92  0  53  75  56  63  55  67  98  93  89  
95  91  75  57  53  79  73  76  85  77  52  53  0  87  99  57  58  68  53  90  81  
78  57  86  89  78  74  79  76  78  55  75  75  87  0  50  79  59  66  91  86  70  
74  60  55  94  88  93  53  51  62  56  75  56  99  50  0  89  87  79  66  68  90  
76  63  70  79  57  74  66  96  94  63  82  63  57  79  89  0  57  74  95  79  66  
63  89  57  66  82  64  88  57  74  96  53  55  58  59  87  57  0  95  87  87  84  
62  83  63  99  56  71  85  71  85  50  85  67  68  66  79  74  95  0  86  67  73  
71  86  78  50  91  84  84  55  75  69  53  98  53  91  66  95  87  86  0  93  65  
86  93  68  63  58  58  88  75  83  79  83  93  90  86  68  79  87  67  93  0  57  
56  96  65  90  74  55  99  62  99  53  94  89  81  70  90  66  84  73  65  57  0  

10 10 10 10 

54 54 54 54 

0  7.55  7.01  6.89  6.45  6.38  6.35  6.29  6.20  5.68  5.63  5.58  5.39  4.04  3.62  3.52  3.38  2.84  2.75  2.43  2.26