   0  80  68  76  93  86  93  86  39  38  54
  80   0  12  10  14  81  76  86  44  49  44
  68  12   0  13  25  75  72  80  32  37  34
  76  10  13   0  21  88  84  93  43  49  48
  93  14  25  21   0  87  81  93  57  62  55
  86  81  75  88  87   0  12   6  63  57  45
  93  76  72  84  81  12   0  18  65  61  46
  86  86  80  93  93   6  18   0  66  60  48
  39  44  32  43  57  63  65  66   0   7  19
  38  49  37  49  62  57  61  60   7   0  17
  54  44  34  48  55  45  46  48  19  17   0

10 10 10 10 

54 54 54 54 

0  7.73  6.98  5.37  5.01  4.86  4.14  3.82  3.37  2.48  2.38