   0  70  80  84  73  62  93  80  44  37  28
  70   0  22  23  19  53  62  46  38  35  44
  80  22   0   4   7  75  84  67  57  43  58
  84  23   4   0  11  76  83  67  59  46  61
  73  19   7  11   0  70  81  65  51  35  51
  62  53  75  76  70   0  31  23  25  56  40
  93  62  84  83  81  31   0  17  51  80  68
  80  46  67  67  65  23  17   0  37  63  54
  44  38  57  59  51  25  51  37   0  31  17
  37  35  43  46  35  56  80  63  31   0  20
  28  44  58  61  51  40  68  54  17  20   0

10 10 10 10 

54 54 54 54 

0  7.81  7.04  6.97  5.88  5.64  5.13  4.40  4.11  3.68  2.86