   0  65  90  62  92  72  74  77  35  42  42
  65   0  28   5  29  53  58  73  32  24  25
  90  28   0  29   1  54  58  75  55  48  48
  62   5  29   0  31  48  53  68  28  20  21
  92  29   1  31   0  54  59  75  57  50  50
  72  53  54  48  54   0   5  21  46  47  44
  74  58  58  53  59   5   0  17  49  51  48
  77  73  75  68  75  21  17   0  59  62  59
  35  32  55  28  57  46  49  59   0   8   7
  42  24  48  20  50  47  51  62   8   0   3
  42  25  48  21  50  44  48  59   7   3   0

10 10 10 10 

54 54 54 54 

0  7.61  7.23  6.95  6.11  4.88  4.80  4.22  3.11  3.06  2.02