   0  84  88  86  73  78  72  71  15   9  21
  84   0   6  18  29  94  72  76  99  77  69
  88   6   0  13  27  91  70  74 102  79  71
  86  18  13   0  16  79  58  62 100  77  67
  73  29  27  16   0  65  43  48  86  64  53
  78  94  91  79  65   0  22  17  82  71  62
  72  72  70  58  43  22   0   5  80  64  53
  71  76  74  62  48  17   5   0  78  63  52
  15  99 102 100  86  82  80  78   0  23  33
   9  77  79  77  64  71  64  63  23   0  11
  21  69  71  67  53  62  53  52  33  11   0

10 10 10 10 

54 54 54 54 

0  6.88  6.38  5.91  5.09  3.50  3.09  2.92  2.76  2.55  2.22