   0  72  78  68  85  69  71  76  17   9  13
  72   0  14   5  14  79  72  72  86  73  60
  78  14   0  15  11  71  64  63  90  77  67
  68   5  15   0  17  74  68  68  81  68  55
  85  14  11  17   0  82  75  74  98  85  73
  69  79  71  74  82   0   8  13  67  61  69
  71  72  64  68  75   8   0   6  70  63  69
  76  72  63  68  74  13   6   0  76  68  73
  17  86  90  81  98  67  70  76   0  13  29
   9  73  77  68  85  61  63  68  13   0  18
  13  60  67  55  73  69  69  73  29  18   0

10 10 10 

54 54 54 

0  7.35  7.03  6.43  6.34  5.82  5.74  5.59  4.56  3.44  2.11