   0  92  90  88  73  86  92  82  15   2   6
  92   0  13   4  19  77  95  94 107  92  90
  90  13   0  14  22  64  83  82 105  90  87
  88   4  14   0  15  76  94  92 103  87  86
  73  19  22  15   0  72  90  86  88  73  71
  86  77  64  76  72   0  18  20  97  87  80
  92  95  83  94  90  18   0  11 101  94  86
  82  94  82  92  86  20  11   0  91  84  76
  15 107 105 103  88  97 101  91   0  15  19
   2  92  90  87  73  87  94  84  15   0   8
   6  90  87  86  71  80  86  76  19   8   0

10 10 10 

54 54 54 

0  7.72  7.39  6.99  6.92  6.83  6.34  5.03  4.41  3.98  2.73