   0  74  91  73  83  67  95  67   8  11   8
  74   0  17  14  24  82  88  69  78  63  66
  91  17   0  21  23  91  91  77  95  79  83
  73  14  21   0  13  71  74  57  76  62  66
  83  24  23  13   0  70  68  56  85  72  76
  67  82  91  71  70   0  31  15  62  63  67
  95  88  91  74  68  31   0  28  91  89  93
  67  69  77  57  56  15  28   0  64  61  66
   8  78  95  76  85  62  91  64   0  16  15
  11  63  79  62  72  63  89  61  16   0   5
   8  66  83  66  76  67  93  66  15   5   0

10 10 10 

54 54 54 

0  7.25  6.97  6.75  6.34  5.85  5.69  4.01  3.98  3.19  2.30