   0  87  75  88  76  72  80  73  77  65  83  22  45  37  36  35 101 102  88 106 108
  87   0  14  10  19  31  85  71  93  85  74  67  57  51  70  60  49  64  46  41  60
  75  14   0  20  20  30  83  69  90  81  74  55  49  39  61  51  56  69  50  51  67
  88  10  20   0  14  25  77  63  85  79  65  67  53  52  67  58  39  54  36  31  50
  76  19  20  14   0  12  66  52  73  66  55  54  39  39  53  44  37  49  30  35  48
  72  31  30  25  12   0  54  40  61  54  43  50  30  38  45  38  33  41  22  35  42
  80  85  83  77  66  54   0  14  11  16  14  66  44  67  45  52  54  41  45  67  52
  73  71  69  63  52  40  14   0  22  19  10  56  32  55  37  41  44  35  33  56  45
  77  93  90  85  73  61  11  22   0  12  25  65  46  69  44  53  64  52  55  77  63
  65  85  81  79  66  54  16  19  12   0  26  53  35  58  32  41  63  53  52  75  64
  83  74  74  65  55  43  14  10  25  26   0  66  41  64  47  51  40  27  31  53  38
  22  67  55  67  54  50  66  56  65  53  66   0  25  16  21  15  80  82  67  84  87
  45  57  49  53  39  30  44  32  46  35  41  25   0  24  14  10  56  57  43  63  63
  37  51  39  52  39  38  67  55  69  58  64  16  24   0  28  17  70  74  58  72  78
  36  70  61  67  53  45  45  37  44  32  47  21  14  28   0  11  69  67  56  77  75
  35  60  51  58  44  38  52  41  53  41  51  15  10  17  11   0  66  67  53  72  73
 101  49  56  39  37  33  54  44  64  63  40  80  56  70  69  66   0  17  13  14  11
 102  64  69  54  49  41  41  35  52  53  27  82  57  74  67  67  17   0  19  31  11
  88  46  50  36  30  22  45  33  55  52  31  67  43  58  56  53  13  19   0  23  21
 106  41  51  31  35  35  67  56  77  75  53  84  63  72  77  72  14  31  23   0  22
 108  60  67  50  48  42  52  45  63  64  38  87  63  78  75  73  11  11  21  22   0

10 10 10 10 10 

54 54 54 54 54 

0  7.49  7.46  7.36  7.19  7.08  7.07  6.60  6.30  6.12  5.95  5.42  4.93  4.40  4.16  4.12  3.24  3.10  2.76  2.53  2.02