   0  87  79  69  74  66  76  91  64  79  67  34  32  20  43  40 107  99 108 110  95
  87   0  14  21  13  22  65  68  67  81  80  53  63  70  54  48  64  49  46  39  38
  79  14   0  24  14  13  72  77  71  86  83  46  60  65  53  45  75  60  59  53  50
  69  21  24   0  10  18  48  54  47  62  60  36  42  51  33  29  56  42  45  44  33
  74  13  14  10   0  13  57  63  57  72  70  40  50  57  42  35  63  48  49  45  38
  66  22  13  18  13   0  65  72  62  79  74  33  48  52  42  32  74  60  61  57  50
  76  65  72  48  57  65   0  16  12  15  19  58  45  57  36  47  36  35  47  56  39
  91  68  77  54  63  72  16   0  28  23  32  71  60  72  50  60  22  27  39  49  35
  64  67  71  47  57  62  12  28   0  18  13  50  34  46  27  40  47  45  57  64  47
  79  81  86  62  72  79  15  23  18   0  13  67  51  62  45  57  44  48  60  70  54
  67  80  83  60  70  74  19  32  13  13   0  59  41  51  37  49  54  55  66  75  58
  34  53  46  36  40  33  58  71  50  67  59   0  20  19  22  11  82  72  78  78  65
  32  63  60  42  50  48  45  60  34  51  41  20   0  13  11  16  75  67  76  79  64
  20  70  65  51  57  52  57  72  46  62  51  19  13   0  23  22  87  79  88  90  75
  43  54  53  33  42  42  36  50  27  45  37  22  11  23   0  13  64  56  65  68  52
  40  48  45  29  35  32  47  60  40  57  49  11  16  22  13   0  71  61  68  70  55
 107  64  75  56  63  74  36  22  47  44  54  82  75  87  64  71   0  15  22  33  26
  99  49  60  42  48  60  35  27  45  48  55  72  67  79  56  61  15   0  12  22  11
 108  46  59  45  49  61  47  39  57  60  66  78  76  88  65  68  22  12   0  11  13
 110  39  53  44  45  57  56  49  64  70  75  78  79  90  68  70  33  22  11   0  17
  95  38  50  33  38  50  39  35  47  54  58  65  64  75  52  55  26  11  13  17   0

10 10 10 10 10

54 54 54 54 54

0  7.94  7.04  6.84  6.75  6.64  6.55  6.46  6.44  6.21  6.19  6.06  5.74  4.89  4.61  3.55  3.09  2.65  2.54  2.24  2.05