   0  89  69  88  65  78  89  86  72  95  76  26  36  52  39  23 101 109 102  90  96
  89   0  34  13  26  26 104  87  96  96  71  67  79  56  69  78  72  50  61  58  51
  69  34   0  24  15  10  71  55  63  64  38  44  49  24  39  52  47  41  41  32  31
  88  13  24   0  23  15  93  76  86  84  59  64  73  48  62  74  60  38  49  46  39
  65  26  15  23   0  17  84  69  74  78  52  41  52  31  42  52  62  52  55  47  45
  78  26  10  15  17   0  78  61  71  70  45  53  59  34  49  62  48  35  39  33  29
  89 104  71  93  84  78   0  18  18  15  33  73  54  56  56  67  46  77  58  51  63
  86  87  55  76  69  61  18   0  23  10  17  66  50  44  49  63  29  59  41  34  45
  72  96  63  86  74  71  18  23   0  28  30  57  37  44  41  50  51  78  61  51  63
  95  96  64  84  78  70  15  10  28   0  27  76  59  54  59  72  32  64  45  40  50
  76  71  38  59  52  45  33  17  30  27   0  53  42  29  38  53  26  49  33  22  33
  26  67  44  64  41  53  73  66  57  76  53   0  21  26  17  13  76  83  76  65  70
  36  79  49  73  52  59  54  50  37  59  42  21   0  25  10  13  67  82  71  59  67
  52  56  24  48  31  34  56  44  44  54  29  26  25   0  16  31  50  59  50  38  44
  39  69  39  62  42  49  56  49  41  59  38  17  10  16   0  16  62  74  64  52  59
  23  78  52  74  52  62  67  63  50  72  53  13  13  31  16   0  78  89  80  68  75
 101  72  47  60  62  48  46  29  51  32  26  76  67  50  62  78   0  33  14  15  22
 109  50  41  38  52  35  77  59  78  64  49  83  82  59  74  89  33   0  19  27  16
 102  61  41  49  55  39  58  41  61  45  33  76  71  50  64  80  14  19   0  12  10
  90  58  32  46  47  33  51  34  51  40  22  65  59  38  52  68  15  27  12   0  11
  96  51  31  39  45  29  63  45  63  50  33  70  67  44  59  75  22  16  10  11   0

10 10 10 10 10 

54 54 54 54 54 

0  7.44  7.10  6.89  6.81  6.32  6.29  5.85  5.62  5.45  5.18  4.84  4.68  4.17  3.93  3.25  2.78  2.76  2.65  2.59  2.04