   0  72  67  87  82  85  64  77  85  72  89  22  41  54  29  41 110 100 105  98  91
  72   0  19  26  15  33  56  47  61  34  53  53  33  26  43  34  42  41  33  30  28
  67  19   0  20  18  20  70  64  78  51  71  52  35  36  39  27  58  60  47  47  47
  87  26  20   0  11  11  82  72  86  59  77  71  53  51  59  47  50  58  37  41  46
  82  15  18  11   0  21  71  61  74  48  65  65  45  41  53  42  42  48  30  32  35
  85  33  20  11  21   0  88  80  93  66  85  71  55  55  58  45  61  69  48  52  56
  64  56  70  82  71  88   0  19  21  26  29  45  41  33  52  58  70  52  73  62  51
  77  47  64  72  61  80  19   0  14  13  12  55  44  32  58  60  52  34  57  46  35
  85  61  78  86  74  93  21  14   0  27  13  64  56  45  69  72  61  41  67  56  45
  72  34  51  59  48  66  26  13  27   0  21  50  35  21  49  49  45  29  47  36  25
  89  53  71  77  65  85  29  12  13  21   0  67  55  42  69  70  48  28  55  44  34
  22  53  52  71  65  71  45  55  64  50  67   0  20  32  14  27  88  77  84  76  69
  41  33  35  53  45  55  41  44  56  35  55  20   0  14  15  17  69  60  64  57  50
  54  26  36  51  41  55  33  32  45  21  42  32  14   0  29  28  56  46  53  45  37
  29  43  39  59  53  58  52  58  69  49  69  14  15  29   0  13  82  74  76  70  64
  41  34  27  47  42  45  58  60  72  49  70  27  17  28  13   0  75  70  67  63  58
 110  42  58  50  42  61  70  52  61  45  48  88  69  56  82  75   0  19  14  12  20
 100  41  60  58  48  69  52  34  41  29  28  77  60  46  74  70  19   0  29  18  13
 105  33  47  37  30  48  73  57  67  47  55  84  64  53  76  67  14  29   0  11  22
  98  30  47  41  32  52  62  46  56  36  44  76  57  45  70  63  12  18  11   0  11
  91  28  47  46  35  56  51  35  45  25  34  69  50  37  64  58  20  13  22  11   0

10 10 10 10 10 

54 54 54 54 54 

0  7.83  7.60  7.25  6.51  6.28  6.02  5.82  5.56  5.16  4.98  4.67  4.32  4.00  3.81  3.59  3.30  2.98  2.65  2.20  2.00