0  57  75  85  86  83  67  65  78  57  83  
57  0  81  53  57  68  76  80  76  60  93  
75  81  0  63  73  62  83  56  88  73  50  
85  53  63  0  58  63  70  68  79  68  96  
86  57  73  58  0  86  77  92  85  73  54  
83  68  62  63  86  0  86  52  70  93  61  
67  76  83  70  77  86  0  60  79  81  89  
65  80  56  68  92  52  60  0  56  95  92  
78  76  88  79  85  70  79  56  0  91  99  
57  60  73  68  73  93  81  95  91  0  92  
83  93  50  96  54  61  89  92  99  92  0  

10 10 10 

54 54 54 

0  7.78  6.85  6.83  5.42  4.79  3.60  3.39  3.15  3.07  2.47