0  84  99  98  70  50  82  93  58  82  74  
84  0  76  58  70  74  77  53  95  79  88  
99  76  0  89  55  93  66  75  99  73  77  
98  58  89  0  91  91  71  77  75  70  80  
70  70  55  91  0  59  51  86  84  75  90  
50  74  93  91  59  0  93  80  56  52  68  
82  77  66  71  51  93  0  99  62  77  90  
93  53  75  77  86  80  99  0  82  66  68  
58  95  99  75  84  56  62  82  0  99  50  
82  79  73  70  75  52  77  66  99  0  98  
74  88  77  80  90  68  90  68  50  98  0  

10 10 10 

54 54 54 

0  7.12  6.39  5.40  4.86  4.75  4.54  3.79  3.05  3.01  2.71