0  88  65  91  57  65  98  58  67  81  94  
88  0  73  93  75  95  85  74  82  64  88  
65  73  0  97  88  51  63  51  97  57  99  
91  93  97  0  50  57  84  86  84  60  98  
57  75  88  50  0  66  50  73  99  82  72  
65  95  51  57  66  0  96  83  92  81  84  
98  85  63  84  50  96  0  83  77  57  87  
58  74  51  86  73  83  83  0  50  72  95  
67  82  97  84  99  92  77  50  0  57  94  
81  64  57  60  82  81  57  72  57  0  64  
94  88  99  98  72  84  87  95  94  64  0  

10 10 10 

54 54 54 

0  7.73  6.94  6.36  6.26  5.42  4.02  3.57  3.26  3.15  2.71