0  82  74  85  99  84  68  95  77  92  92  
82  0  77  72  75  99  76  65  89  75  97  
74  77  0  73  75  83  87  55  97  58  60  
85  72  73  0  96  75  97  99  96  51  94  
99  75  75  96  0  74  56  86  80  87  87  
84  99  83  75  74  0  78  73  98  72  77  
68  76  87  97  56  78  0  95  79  92  97  
95  65  55  99  86  73  95  0  62  51  70  
77  89  97  96  80  98  79  62  0  61  99  
92  75  58  51  87  72  92  51  61  0  69  
92  97  60  94  87  77  97  70  99  69  0  

10 10 10 

54 54 54 

0  7.76  6.44  6.21  5.85  5.81  5.17  4.98  4.42  4.39  2.96