0  72  97  89  51  54  99  87  91  95  66  
72  0  70  87  82  88  89  86  85  71  82  
97  70  0  63  77  76  60  93  85  73  86  
89  87  63  0  97  52  66  87  74  89  53  
51  82  77  97  0  87  53  58  59  54  70  
54  88  76  52  87  0  70  62  94  82  62  
99  89  60  66  53  70  0  51  97  59  62  
87  86  93  87  58  62  51  0  58  68  50  
91  85  85  74  59  94  97  58  0  61  72  
95  71  73  89  54  82  59  68  61  0  70  
66  82  86  53  70  62  62  50  72  70  0  

10 10 10 10 

54 54 54 54 

0  7.86  7.01  6.95  6.66  6.07  5.25  5.09  5.06  2.97  2.06