0  92  68  59  50  88  50  85  85  82  93  
92  0  52  83  74  61  82  99  78  99  96  
68  52  0  53  69  63  95  97  91  98  89  
59  83  53  0  87  56  79  60  75  92  71  
50  74  69  87  0  72  58  78  60  69  98  
88  61  63  56  72  0  91  51  56  52  59  
50  82  95  79  58  91  0  63  97  74  63  
85  99  97  60  78  51  63  0  66  84  58  
85  78  91  75  60  56  97  66  0  71  91  
82  99  98  92  69  52  74  84  71  0  75  
93  96  89  71  98  59  63  58  91  75  0  

10 10 10 10 

54 54 54 54 

0  7.49  6.83  5.74  5.66  5.66  4.68  3.78  2.82  2.41  2.26