0   96  95  96  94  73  67  53  44  39  35
96   0  71  51  77  69  75  82  65  64  83
95  71   0  85  67  79  73  68  59  67  49
96  51  85   0  59  64  66  81  72  71  62
94  77  67  59   0  58  54  75  63  75  73
73  69  79  64  58   0  55  77  56  66  86
67  75  73  66  54  55   0  85  81  73  54
53  82  68  81  75  77  85   0  56  64  61
44  65  59  72  63  56  81  56   0  62  52
39  64  67  71  75  66  73  64  62   0  75
35  83  49  62  73  86  54  61  52  75   0

10  10  10  10

54  54  54  54

0 6.98 6.16 5.40 4.67 4.12 3.84 3.53 2.98 2.50 2.13
