0  55  84  68  80  54  79  76  62  71  91  
55  0  51  52  78  86  95  73  87  72  66  
84  51  0  94  58  76  64  80  73  80  73  
68  52  94  0  68  80  70  84  60  82  79  
80  78  58  68  0  69  98  95  82  62  90  
54  86  76  80  69  0  55  87  50  58  63  
79  95  64  70  98  55  0  59  65  89  63  
76  73  80  84  95  87  59  0  68  79  84  
62  87  73  60  82  50  65  68  0  75  73  
71  72  80  82  62  58  89  79  75  0  83  
91  66  73  79  90  63  63  84  73  83  0  

10 10 10 10 

54 54 54 54 

0  6.67  5.76  5.75  5.38  4.57  4.51  4.28  3.64  2.83  2.37