0  56  67  91  74  68  68  62  83  53  83  53  71  84  86  76  88  64  80  56  57  
56  0  73  68  87  65  62  84  72  53  53  88  85  85  62  52  65  99  61  50  83  
67  73  0  56  63  92  76  70  73  72  67  74  50  62  93  69  78  96  63  99  56  
91  68  56  0  78  72  69  50  61  57  93  56  95  64  72  67  69  84  89  84  88  
74  87  63  78  0  98  68  52  69  91  67  85  70  83  87  75  90  58  72  65  55  
68  65  92  72  98  0  54  60  70  62  55  61  87  63  74  82  66  67  56  60  77  
68  62  76  69  68  54  0  87  73  90  76  54  56  65  69  97  58  54  77  80  55  
62  84  70  50  52  60  87  0  81  82  80  88  74  51  70  64  92  87  86  55  85  
83  72  73  61  69  70  73  81  0  84  64  86  91  80  84  90  55  96  73  52  68  
53  53  72  57  91  62  90  82  84  0  56  69  58  86  65  75  56  56  62  58  97  
83  53  67  93  67  55  76  80  64  56  0  73  52  79  59  99  53  59  69  76  69  
53  88  74  56  85  61  54  88  86  69  73  0  86  69  80  84  54  85  54  67  68  
71  85  50  95  70  87  56  74  91  58  52  86  0  64  90  54  86  78  90  83  91  
84  85  62  64  83  63  65  51  80  86  79  69  64  0  68  93  83  87  78  59  81  
86  62  93  72  87  74  69  70  84  65  59  80  90  68  0  85  60  92  98  81  66  
76  52  69  67  75  82  97  64  90  75  99  84  54  93  85  0  79  80  95  58  79  
88  65  78  69  90  66  58  92  55  56  53  54  86  83  60  79  0  93  76  79  71  
64  99  96  84  58  67  54  87  96  56  59  85  78  87  92  80  93  0  79  62  71  
80  61  63  89  72  56  77  86  73  62  69  54  90  78  98  95  76  79  0  54  64  
56  50  99  84  65  60  80  55  52  58  76  67  83  59  81  58  79  62  54  0  87  
57  83  56  88  55  77  55  85  68  97  69  68  91  81  66  79  71  71  64  87  0  

10 10 10 10 10 

54 54 54 54 54 

0  7.51  7.47  7.35  6.99  6.64  6.55  6.19  6.08  5.56  5.07  4.89  4.84  4.06  4.02  3.71  3.57  3.48  3.06  2.63  2.03