0  95  52  72  79  70  80  53  93  78  54  63  68  87  73  81  61  97  63  66  87  
95  0  87  88  78  79  51  67  54  63  68  90  76  50  57  64  95  67  95  83  97  
52  87  0  53  93  64  94  55  72  93  74  53  59  87  83  89  62  55  76  91  93  
72  88  53  0  92  57  56  66  85  72  68  61  68  64  94  51  66  72  59  53  64  
79  78  93  92  0  95  82  78  94  79  90  56  67  69  68  53  56  53  87  73  73  
70  79  64  57  95  0  98  58  82  68  57  62  52  81  74  53  88  75  97  81  88  
80  51  94  56  82  98  0  51  68  62  59  51  77  62  79  94  54  69  76  71  98  
53  67  55  66  78  58  51  0  64  58  90  76  73  69  63  93  73  64  87  61  91  
93  54  72  85  94  82  68  64  0  60  72  78  88  87  70  55  51  74  88  73  69  
78  63  93  72  79  68  62  58  60  0  69  82  97  67  81  76  86  80  86  89  82  
54  68  74  68  90  57  59  90  72  69  0  95  67  50  95  64  92  60  50  84  98  
63  90  53  61  56  62  51  76  78  82  95  0  99  92  80  94  55  99  64  77  59  
68  76  59  68  67  52  77  73  88  97  67  99  0  58  50  75  91  62  95  55  86  
87  50  87  64  69  81  62  69  87  67  50  92  58  0  78  71  56  97  74  76  70  
73  57  83  94  68  74  79  63  70  81  95  80  50  78  0  97  87  67  91  52  51  
81  64  89  51  53  53  94  93  55  76  64  94  75  71  97  0  86  92  93  77  99  
61  95  62  66  56  88  54  73  51  86  92  55  91  56  87  86  0  88  98  96  91  
97  67  55  72  53  75  69  64  74  80  60  99  62  97  67  92  88  0  82  91  73  
63  95  76  59  87  97  76  87  88  86  50  64  95  74  91  93  98  82  0  87  86  
66  83  91  53  73  81  71  61  73  89  84  77  55  76  52  77  96  91  87  0  89  
87  97  93  64  73  88  98  91  69  82  98  59  86  70  51  99  91  73  86  89  0  

10 10 10 10 10 

54 54 54 54 54 

0  7.98  7.72  7.64  7.38  5.95  5.65  5.63  5.60  5.36  5.33  5.25  4.94  4.20  4.15  3.92  3.78  3.29  2.62  2.61  2.21