0  70  97  76  74  50  79  94  90  53  69  79  76  51  67  94  66  69  85  82  72  
70  0  69  57  71  94  59  75  58  66  75  59  97  76  50  77  80  70  76  87  50  
97  69  0  97  64  95  57  84  50  50  83  80  99  63  84  56  58  92  95  55  85  
76  57  97  0  91  53  66  62  71  83  96  64  82  79  73  88  73  58  97  65  85  
74  71  64  91  0  50  80  93  85  83  94  95  90  88  90  83  87  63  75  73  75  
50  94  95  53  50  0  97  64  79  51  75  70  59  67  64  60  93  95  56  92  77  
79  59  57  66  80  97  0  72  63  78  89  90  86  69  78  68  88  80  90  98  89  
94  75  84  62  93  64  72  0  84  90  52  76  80  88  51  55  69  72  65  60  69  
90  58  50  71  85  79  63  84  0  77  69  66  76  98  87  98  84  92  97  50  61  
53  66  50  83  83  51  78  90  77  0  97  89  67  63  99  68  81  61  84  69  60  
69  75  83  96  94  75  89  52  69  97  0  79  62  53  79  84  63  52  88  89  92  
79  59  80  64  95  70  90  76  66  89  79  0  95  96  50  81  62  69  63  81  70  
76  97  99  82  90  59  86  80  76  67  62  95  0  93  69  68  86  63  68  52  59  
51  76  63  79  88  67  69  88  98  63  53  96  93  0  95  86  84  74  71  97  91  
67  50  84  73  90  64  78  51  87  99  79  50  69  95  0  52  79  53  81  94  55  
94  77  56  88  83  60  68  55  98  68  84  81  68  86  52  0  81  79  74  53  63  
66  80  58  73  87  93  88  69  84  81  63  62  86  84  79  81  0  82  64  74  78  
69  70  92  58  63  95  80  72  92  61  52  69  63  74  53  79  82  0  90  53  78  
85  76  95  97  75  56  90  65  97  84  88  63  68  71  81  74  64  90  0  98  87  
82  87  55  65  73  92  98  60  50  69  89  81  52  97  94  53  74  53  98  0  71  
72  50  85  85  75  77  89  69  61  60  92  70  59  91  55  63  78  78  87  71  0  

10 10 10 10 10 

54 54 54 54 54 

0  7.71  7.60  7.58  7.49  7.34  7.30  6.75  6.00  6.00  5.96  5.38  4.00  3.82  3.38  3.35  2.83  2.71  2.66  2.28  2.08