0  54  95  72  74  68  93  51  83  86  83  56  78  76  64  82  51  82  54  59  99  
54  0  95  66  90  75  95  61  98  90  57  96  51  76  61  63  63  63  55  95  60  
95  95  0  98  93  97  50  77  52  91  97  93  71  91  96  50  55  73  95  91  55  
72  66  98  0  50  50  70  51  93  81  57  76  68  82  68  66  70  55  69  94  90  
74  90  93  50  0  79  67  73  52  65  78  90  60  81  83  63  52  86  56  68  81  
68  75  97  50  79  0  89  77  99  89  66  78  79  62  55  72  75  87  94  64  94  
93  95  50  70  67  89  0  81  83  85  78  53  60  87  86  54  68  60  79  68  58  
51  61  77  51  73  77  81  0  85  59  89  63  60  50  61  79  86  89  79  91  84  
83  98  52  93  52  99  83  85  0  72  59  76  90  56  83  55  59  86  82  77  50  
86  90  91  81  65  89  85  59  72  0  80  88  84  56  59  75  67  68  69  93  81  
83  57  97  57  78  66  78  89  59  80  0  77  78  55  90  92  67  79  59  84  76  
56  96  93  76  90  78  53  63  76  88  77  0  89  53  65  65  92  91  65  89  70  
78  51  71  68  60  79  60  60  90  84  78  89  0  66  98  58  63  81  77  79  99  
76  76  91  82  81  62  87  50  56  56  55  53  66  0  73  54  80  85  83  54  51  
64  61  96  68  83  55  86  61  83  59  90  65  98  73  0  97  97  55  95  59  75  
82  63  50  66  63  72  54  79  55  75  92  65  58  54  97  0  55  84  87  54  93  
51  63  55  70  52  75  68  86  59  67  67  92  63  80  97  55  0  97  74  90  90  
82  63  73  55  86  87  60  89  86  68  79  91  81  85  55  84  97  0  75  72  90  
54  55  95  69  56  94  79  79  82  69  59  65  77  83  95  87  74  75  0  51  97  
59  95  91  94  68  64  68  91  77  93  84  89  79  54  59  54  90  72  51  0  66  
99  60  55  90  81  94  58  84  50  81  76  70  99  51  75  93  90  90  97  66  0  

10 10 10 10 10 

54 54 54 54 54 

0  7.89  7.64  7.39  7.36  6.75  6.34  6.25  5.95  5.64  5.35  5.03  5.03  4.91  4.73  4.56  3.86  3.40  3.04  2.35  2.10