0  77  59  67  89  71  85  97  76  61  84  98  67  58  63  76  
77  0  51  72  67  54  64  95  93  67  55  89  70  84  87  59  
59  51  0  60  80  96  54  67  63  70  70  92  60  87  64  53  
67  72  60  0  51  81  85  53  57  89  61  81  93  85  79  88  
89  67  80  51  0  50  76  62  91  61  86  86  62  64  85  88  
71  54  96  81  50  0  96  64  83  54  90  53  59  57  87  82  
85  64  54  85  76  96  0  67  81  68  59  59  85  63  59  84  
97  95  67  53  62  64  67  0  52  92  67  98  58  52  60  56  
76  93  63  57  91  83  81  52  0  97  60  65  65  88  53  84  
61  67  70  89  61  54  68  92  97  0  65  52  82  84  87  76  
84  55  70  61  86  90  59  67  60  65  0  75  66  79  85  50  
98  89  92  81  86  53  59  98  65  52  75  0  55  76  59  99  
67  70  60  93  62  59  85  58  65  82  66  55  0  66  52  60  
58  84  87  85  64  57  63  52  88  84  79  76  66  0  50  99  
63  87  64  79  85  87  59  60  53  87  85  59  52  50  0  61  
76  59  53  88  88  82  84  56  84  76  50  99  60  99  61  0  

10 10 10 10 

54 54 54 54 

0  7.60  6.96  6.82  6.33  5.63  5.37  5.25  4.77  4.28  3.75  2.24  2.21  2.13  2.10  2.05