0  93  76  89  90  84  96  54  62  57  61  89  63  75  97  64  
93  0  88  73  66  95  96  71  84  61  59  84  97  63  82  76  
76  88  0  56  60  79  70  98  97  63  62  99  79  62  76  59  
89  73  56  0  92  97  96  86  58  50  90  50  73  90  55  67  
90  66  60  92  0  64  92  62  86  95  79  69  99  52  89  93  
84  95  79  97  64  0  92  50  54  50  67  59  58  94  75  75  
96  96  70  96  92  92  0  93  60  68  54  73  76  93  55  91  
54  71  98  86  62  50  93  0  57  92  58  57  60  79  76  75  
62  84  97  58  86  54  60  57  0  67  52  90  91  58  74  88  
57  61  63  50  95  50  68  92  67  0  99  60  62  83  91  81  
61  59  62  90  79  67  54  58  52  99  0  87  72  53  77  84  
89  84  99  50  69  59  73  57  90  60  87  0  76  52  83  52  
63  97  79  73  99  58  76  60  91  62  72  76  0  86  91  55  
75  63  62  90  52  94  93  79  58  83  53  52  86  0  93  93  
97  82  76  55  89  75  55  76  74  91  77  83  91  93  0  72  
64  76  59  67  93  75  91  75  88  81  84  52  55  93  72  0  

10 10 10 10 

54 54 54 54 

0  7.97  7.71  5.49  5.42  5.32  5.26  5.25  4.97  4.83  4.54  4.28  3.54  3.41  3.14  2.73