0  95  73  62  95  99  95  50  94  59  75  78  88  50  68  58  
95  0  84  66  63  84  96  87  95  88  51  63  73  51  58  60  
73  84  0  96  86  60  71  72  96  88  68  58  78  61  51  56  
62  66  96  0  76  85  74  77  78  54  96  66  57  71  53  73  
95  63  86  76  0  52  74  52  76  59  52  95  57  98  84  84  
99  84  60  85  52  0  79  91  66  51  76  66  73  76  77  50  
95  96  71  74  74  79  0  67  71  76  99  55  79  60  55  54  
50  87  72  77  52  91  67  0  91  74  77  87  54  85  54  84  
94  95  96  78  76  66  71  91  0  90  86  65  83  89  75  75  
59  88  88  54  59  51  76  74  90  0  88  84  74  64  97  52  
75  51  68  96  52  76  99  77  86  88  0  75  51  54  99  57  
78  63  58  66  95  66  55  87  65  84  75  0  96  60  97  80  
88  73  78  57  57  73  79  54  83  74  51  96  0  58  88  56  
50  51  61  71  98  76  60  85  89  64  54  60  58  0  61  77  
68  58  51  53  84  77  55  54  75  97  99  97  88  61  0  87  
58  60  56  73  84  50  54  84  75  52  57  80  56  77  87  0  

10 10 10 10 

54 54 54 54 

0  7.38  6.89  6.33  6.31  5.35  5.22  5.06  4.73  4.39  3.94  3.65  3.55  3.52  2.72  2.57