   0  92  77  64  79  91
  92   0  23  29  96 100
  77  23   0  14  73  79
  64  29  14   0  75  82
  79  96  73  75   0  11
  91 100  79  82  11   0

10 10 10 

54 54 54 

0  6.19  5.19  4.65  4.05  2.29