   0  83  76  91  69  83
  83   0  15  22  60  67
  76  15   0  16  67  76
  91  22  16   0  81  89
  69  60  67  81   0  14
  83  67  76  89  14   0

10 10 10 

54 54 54 

0  7.98  5.15  4.61  4.11  2.93