0  65  89  57  91  82  
65  0  63  86  97  53  
89  63  0  82  68  98  
57  86  82  0  91  54  
91  97  68  91  0  86  
82  53  98  54  86  0  

10 10 10 

54 54 54 

0  6.70  4.94  3.83  2.83  2.01