0  99  94  82  67  51  
99  0  70  52  53  52  
94  70  0  94  96  90  
82  52  94  0  76  99  
67  53  96  76  0  68  
51  52  90  99  68  0  

10 10 10 

54 54 54 

0  7.78  6.96  5.98  5.92  4.61