0  95  75  89  80  86  
95  0  54  87  94  53  
75  54  0  74  99  55  
89  87  74  0  71  78  
80  94  99  71  0  57  
86  53  55  78  57  0  

10 10 10 

54 54 54 

0  6.64  4.13  3.43  3.38  3.08