0  95  57  78  61  58  
95  0  71  81  92  51  
57  71  0  83  92  77  
78  81  83  0  95  72  
61  92  92  95  0  98  
58  51  77  72  98  0  

10 10 10 

54 54 54 

0  5.40  3.57  3.09  2.90  2.79