0  80  84  98  61  51  73  62  95  73  93  99  92  80  79  79  
80  0  76  51  69  58  62  86  56  52  61  61  84  87  71  63  
84  76  0  83  91  52  78  90  50  83  58  56  60  84  64  60  
98  51  83  0  75  96  82  64  90  59  61  70  69  91  96  84  
61  69  91  75  0  60  79  61  85  56  79  63  82  50  62  81  
51  58  52  96  60  0  50  83  77  90  76  97  84  88  78  52  
73  62  78  82  79  50  0  69  53  76  54  64  52  99  60  86  
62  86  90  64  61  83  69  0  81  72  53  72  89  79  61  66  
95  56  50  90  85  77  53  81  0  84  78  93  64  88  72  94  
73  52  83  59  56  90  76  72  84  0  96  80  57  57  51  60  
93  61  58  61  79  76  54  53  78  96  0  60  58  76  79  72  
99  61  56  70  63  97  64  72  93  80  60  0  54  69  87  58  
92  84  60  69  82  84  52  89  64  57  58  54  0  70  75  89  
80  87  84  91  50  88  99  79  88  57  76  69  70  0  74  96  
79  71  64  96  62  78  60  61  72  51  79  87  75  74  0  90  
79  63  60  84  81  52  86  66  94  60  72  58  89  96  90  0  

10 10 10 

54 54 54 

0  7.78  7.72  7.54  7.17  6.40  6.18  5.45  4.39  3.88  3.87  3.47  3.39  3.27  3.23  2.52