0  96  72  84  78  92  67  75  83  71  61  50  66  73  66  76  
96  0  91  54  68  56  56  72  99  86  56  82  89  81  65  93  
72  91  0  81  56  99  86  77  92  74  93  80  76  66  65  63  
84  54  81  0  74  73  92  59  87  52  82  55  63  65  58  55  
78  68  56  74  0  78  69  83  68  78  81  81  97  66  64  86  
92  56  99  73  78  0  71  61  63  80  68  78  90  67  51  73  
67  56  86  92  69  71  0  64  70  85  63  95  69  97  59  95  
75  72  77  59  83  61  64  0  65  65  55  89  91  88  63  83  
83  99  92  87  68  63  70  65  0  58  98  58  66  68  69  87  
71  86  74  52  78  80  85  65  58  0  93  69  56  54  82  86  
61  56  93  82  81  68  63  55  98  93  0  56  87  56  52  81  
50  82  80  55  81  78  95  89  58  69  56  0  69  56  95  90  
66  89  76  63  97  90  69  91  66  56  87  69  0  83  93  55  
73  81  66  65  66  67  97  88  68  54  56  56  83  0  97  95  
66  65  65  58  64  51  59  63  69  82  52  95  93  97  0  72  
76  93  63  55  86  73  95  83  87  86  81  90  55  95  72  0  

10 10 10 

54 54 54 

0  7.28  6.89  6.68  6.32  5.92  5.50  4.53  3.97  3.91  3.28  3.15  3.04  2.92  2.89  2.32