0  90  98  93  74  71  68  79  93  74  56  78  62  92  86  86  
90  0  83  72  89  84  69  52  84  86  67  60  91  51  72  66  
98  83  0  91  97  87  73  97  55  52  92  81  70  93  59  60  
93  72  91  0  73  78  93  61  91  85  63  56  51  51  74  86  
74  89  97  73  0  79  70  51  61  52  66  69  82  90  64  54  
71  84  87  78  79  0  60  78  61  73  63  57  90  73  61  69  
68  69  73  93  70  60  0  59  86  53  59  89  54  60  77  74  
79  52  97  61  51  78  59  0  90  83  58  50  59  68  86  88  
93  84  55  91  61  61  86  90  0  63  58  67  96  94  81  66  
74  86  52  85  52  73  53  83  63  0  92  77  87  72  82  61  
56  67  92  63  66  63  59  58  58  92  0  64  70  86  66  62  
78  60  81  56  69  57  89  50  67  77  64  0  67  54  54  54  
62  91  70  51  82  90  54  59  96  87  70  67  0  84  64  90  
92  51  93  51  90  73  60  68  94  72  86  54  84  0  82  91  
86  72  59  74  64  61  77  86  81  82  66  54  64  82  0  94  
86  66  60  86  54  69  74  88  66  61  62  54  90  91  94  0  

10 10 10 

54 54 54 

0  7.90  7.53  7.35  7.10  6.82  6.43  6.11  5.76  5.53  5.43  3.91  3.34  2.98  2.22  2.05