0  79  62  63  57  92  97  64  54  97  83  81  81  69  67  82  
79  0  78  56  72  87  90  53  52  90  90  70  96  68  83  71  
62  78  0  88  53  85  79  53  74  72  80  53  84  86  50  85  
63  56  88  0  83  99  93  70  55  82  83  65  77  99  72  56  
57  72  53  83  0  91  88  66  93  99  91  50  81  77  88  62  
92  87  85  99  91  0  58  89  71  66  98  70  50  50  99  88  
97  90  79  93  88  58  0  57  71  72  80  98  52  89  60  53  
64  53  53  70  66  89  57  0  89  56  92  57  67  51  97  88  
54  52  74  55  93  71  71  89  0  74  86  82  68  96  70  74  
97  90  72  82  99  66  72  56  74  0  50  68  73  68  76  98  
83  90  80  83  91  98  80  92  86  50  0  91  95  52  68  87  
81  70  53  65  50  70  98  57  82  68  91  0  94  90  80  66  
81  96  84  77  81  50  52  67  68  73  95  94  0  84  53  62  
69  68  86  99  77  50  89  51  96  68  52  90  84  0  90  79  
67  83  50  72  88  99  60  97  70  76  68  80  53  90  0  59  
82  71  85  56  62  88  53  88  74  98  87  66  62  79  59  0  

10 10 10 

54 54 54 

0  6.40  6.29  6.27  6.05  5.72  5.14  4.85  4.66  4.41  4.36  3.78  3.25  2.86  2.55  2.50