0  92  85  77  72  99  68  54  72  70  50  93  50  92  92  59  
92  0  89  65  80  52  89  79  86  99  89  58  77  97  54  64  
85  89  0  66  62  76  54  50  74  77  63  51  75  80  73  63  
77  65  66  0  80  80  80  66  79  93  96  74  90  69  64  69  
72  80  62  80  0  58  77  72  96  58  62  87  62  55  65  51  
99  52  76  80  58  0  72  99  81  51  86  89  81  79  55  60  
68  89  54  80  77  72  0  76  74  90  62  76  85  70  68  78  
54  79  50  66  72  99  76  0  84  83  97  53  53  75  59  59  
72  86  74  79  96  81  74  84  0  77  61  75  57  89  51  83  
70  99  77  93  58  51  90  83  77  0  95  61  89  71  54  63  
50  89  63  96  62  86  62  97  61  95  0  94  89  69  98  60  
93  58  51  74  87  89  76  53  75  61  94  0  58  76  66  83  
50  77  75  90  62  81  85  53  57  89  89  58  0  74  83  72  
92  97  80  69  55  79  70  75  89  71  69  76  74  0  54  54  
92  54  73  64  65  55  68  59  51  54  98  66  83  54  0  99  
59  64  63  69  51  60  78  59  83  63  60  83  72  54  99  0  

10 10 10 

54 54 54 

0  7.75  7.32  6.97  6.82  6.54  6.54  6.53  5.93  5.24  5.00  4.50  4.06  3.49  3.43  2.77