   0  95  88  70  73  78  72  89  89  24  33  35  48 104  92 107
  95   0  15  25  27  75  61  72  90  71  75  60  62  40  45  55
  88  15   0  22  16  82  68  81  98  66  74  54  63  54  56  68
  70  25  22   0  14  64  50  65  80  46  52  35  42  49  45  60
  73  27  16  14   0  78  64  79  94  52  61  40  53  60  58  72
  78  75  82  64  78   0  14  13  17  60  45  62  34  50  36  42
  72  61  68  50  64  14   0  18  31  52  40  51  25  41  27  37
  89  72  81  65  79  13  18   0  20  69  56  69  43  41  29  31
  89  90  98  80  94  17  31  20   0  74  58  77  49  61  48  50
  24  71  66  46  52  60  52  69  74   0  17  12  27  80  69  84
  33  75  74  52  61  45  40  56  58  17   0  25  16  75  62  76
  35  60  54  35  40  62  51  69  77  12  25   0  28  73  64  79
  48  62  63  42  53  34  25  43  49  27  16  28   0  58  45  60
 104  40  54  49  60  50  41  41  61  80  75  73  58   0  14  15
  92  45  56  45  58  36  27  29  48  69  62  64  45  14   0  16
 107  55  68  60  72  42  37  31  50  84  76  79  60  15  16   0

10 10 10 

54 54 54 

0  7.86  6.61  5.62  5.50  5.50  5.14  5.08  4.84  4.83  4.26  4.10  3.10  3.08  2.57  2.27