   0  95  79  84  91  75  83  73  84  43  31  42  54 108 100 105
  95   0  16  24  15  66  57  52  87  56  69  53  46  28  46  36
  79  16   0  21  18  57  50  43  78  40  53  37  31  36  46  40
  84  24  21   0  10  77  71  63  98  53  64  43  47  52  66  59
  91  15  18  10   0  75  67  61  96  56  68  49  49  43  60  51
  75  66  57  77  75   0  13  14  21  40  47  55  35  57  35  47
  83  57  50  71  67  13   0  11  32  44  53  57  36  44  22  34
  73  52  43  63  61  14  11   0  36  33  43  46  25  45  28  37
  84  87  78  98  96  21  32  36   0  57  60  73  55  76  51  65
  43  56  40  53  56  40  44  33  57   0  13  16  11  65  57  62
  31  69  53  64  68  47  53  43  60  13   0  22  25  78  69  74
  42  53  37  43  49  55  57  46  73  16  22   0  21  69  67  68
  54  46  31  47  49  35  36  25  55  11  25  21   0  54  47  50
 108  28  36  52  43  57  44  45  76  65  78  69  54   0  25  12
 100  46  46  66  60  35  22  28  51  57  69  67  47  25   0  14
 105  36  40  59  51  47  34  37  65  62  74  68  50  12  14   0

10 10 10 

54 54 54 

0  7.45  7.35  7.29  6.79  6.31  6.18  6.15  5.63  5.56  5.17  4.89  4.68  4.01  3.92  2.03