   0  72  78  82  91  92  69  64  86  24  36  32  47 101  88 107
  72   0  28  12  19  82  65  74  72  62  51  43  52  56  49  73
  78  28   0  24  33  56  44  55  46  59  45  46  40  29  21  45
  82  12  24   0  11  80  66  76  70  70  58  52  56  48  44  66
  91  19  33  11   0  89  76  87  79  80  68  62  67  54  52  73
  92  82  56  80  89   0  24  29  10  68  58  70  48  45  38  32
  69  65  44  66  76  24   0  13  17  45  35  47  24  46  34  43
  64  74  55  76  87  29  13   0  27  41  35  48  26  59  47  55
  86  72  46  70  79  10  17  27   0  62  51  62  40  37  29  28
  24  62  59  70  80  68  45  41  62   0  14  19  23  80  66  84
  36  51  45  58  68  58  35  35  51  14   0  14  11  66  52  71
  32  43  46  52  62  70  47  48  62  19  14   0  23  71  58  79
  47  52  40  56  67  48  24  26  40  23  11  23   0  57  43  61
 101  56  29  48  54  45  46  59  37  80  66  71  57   0  14  19
  88  49  21  44  52  38  34  47  29  66  52  58  43  14   0  24
 107  73  45  66  73  32  43  55  28  84  71  79  61  19  24   0

10 10 10 

54 54 54 

0  7.23  6.43  6.20  5.73  5.43  5.38  5.04  4.96  3.82  3.22  2.76  2.26  2.14  2.12  2.04